(591,244)
(592,244)
(594,244)
(595,244)
(597,243)
(598,244)
(600,244)
(601,243)
(602,244)
(604,243)
(605,243)
(606,243)
(607,243)
(608,243)
(609,244)
(610,244)
(612,244)
(613,244)
(614,244)
(615,244)
(616,243)
(617,243)
(618,243)
(619,244)
(621,244)
(622,244)
(623,244)
(624,244)
(625,244)
(627,244)
(628,244)
(629,244)
(631,244)
(632,245)
(634,244)
(635,244)
(637,244)
(590,243)
(588,243)
(585,243)
(584,243)
(587,177)
(581,243)
(583,243)
(586,177)
(585,178)
(579,243)
(582,178)
(577,243)
(581,178)
(579,178)
(575,243)
(577,177)
(587,173)
(575,178)
(587,244)
(580,243)
(583,185)
(575,177)
(581,177)
(551,243)
(553,242)
(554,243)
(555,243)
(557,243)
(558,243)
(560,243)
(561,243)
(562,243)
(563,243)
(565,243)
(566,243)
(567,243)
(568,243)
(569,243)
(570,243)
(572,243)
(573,243)
(574,243)
(574,177)
(573,177)
(571,177)
(570,177)
(569,177)
(568,177)
(567,177)
(565,177)
(564,177)
(563,177)
(561,177)
(560,176)
(558,176)
(557,176)
(556,177)
(554,177)
(553,177)
(550,243)
(552,177)
(548,242)
(549,177)
(548,177)
(547,177)
(574,243)
(545,242)
(546,177)
(544,178)
(542,242)
(541,177)
(540,242)
(539,177)
(538,242)
(537,177)
(536,242)
(536,177)
(543,243)
(547,243)
(534,177)
(534,242)
(545,243)
(532,242)
(532,177)
(530,177)
(531,242)
(529,242)
(528,177)
(528,242)
(542,177)
(527,177)
(525,177)
(525,242)
(524,178)
(522,242)
(524,242)
(538,243)
(522,177)
(520,177)
(519,242)
(518,178)
(517,242)
(516,177)
(515,242)
(533,177)
(515,177)
(513,177)
(512,177)
(510,177)
(509,177)
(515,244)
(507,177)
(511,245)
(505,177)
(510,245)
(518,243)
(503,177)
(517,235)
(507,245)
(502,177)
(500,177)
(506,245)
(514,242)
(498,177)
(504,245)
(496,177)
(503,245)
(494,177)
(501,245)
(499,245)
(514,237)
(497,245)
(495,244)
(512,244)
(506,177)
(511,242)
(497,241)
(474,242)
(475,243)
(476,243)
(478,242)
(479,245)
(481,245)
(482,245)
(483,245)
(485,246)
(486,245)
(487,245)
(489,245)
(490,245)
(491,246)
(493,246)
(494,246)
(494,177)
(493,177)
(492,176)
(490,176)
(489,176)
(488,176)
(487,177)
(486,176)
(485,176)
(484,176)
(482,177)
(481,177)
(480,177)
(479,177)
(477,177)
(476,177)
(474,176)
(473,176)
(471,176)
(470,177)
(468,177)
(472,242)
(466,177)
(469,242)
(470,242)
(478,239)
(463,177)
(462,177)
(466,242)
(461,177)
(464,242)
(463,242)
(459,177)
(457,177)
(461,242)
(459,242)
(455,177)
(453,177)
(457,242)
(456,242)
(451,177)
(454,242)
(470,176)
(453,242)
(449,176)
(447,177)
(451,241)
(467,177)
(450,241)
(445,177)
(448,241)
(457,176)
(443,176)
(447,242)
(445,241)
(441,176)
(443,241)
(439,176)
(437,177)
(442,241)
(435,176)
(460,176)
(434,177)
(438,241)
(440,241)
(453,176)
(431,176)
(430,177)
(435,242)
(448,176)
(452,176)
(429,176)
(434,241)
(427,176)
(431,241)
(442,176)
(425,177)
(429,241)
(423,176)
(421,177)
(427,242)
(438,176)
(426,241)
(444,176)
(419,176)
(418,177)
(423,241)
(416,177)
(434,242)
(420,241)
(432,242)
(423,242)
(417,241)
(429,176)
(420,242)
(414,176)
(415,242)
(424,176)
(420,176)
(396,242)
(397,242)
(399,242)
(400,242)
(401,242)
(403,242)
(404,242)
(405,242)
(407,242)
(408,242)
(409,242)
(411,241)
(412,242)
(413,242)
(414,242)
(413,175)
(412,175)
(411,175)
(410,175)
(409,175)
(408,175)
(407,175)
(406,175)
(405,176)
(404,176)
(403,176)
(402,175)
(400,175)
(399,176)
(398,175)
(397,176)
(395,176)
(394,176)
(392,176)
(391,176)
(389,176)
(388,176)
(386,176)
(394,241)
(384,176)
(393,241)
(381,176)
(380,176)
(377,176)
(375,176)
(374,176)
(371,176)
(370,176)
(391,242)
(386,175)
(382,175)
(380,175)
(368,176)
(366,176)
(384,175)
(363,176)
(361,176)
(390,174)
(378,176)
(359,176)
(358,176)
(356,176)
(390,241)
(376,175)
(372,175)
(366,176)
(353,176)
(369,175)
(370,175)
(364,176)
(350,176)
(348,176)
(357,240)
(347,176)
(353,176)
(345,176)
(358,175)
(356,176)
(342,176)
(355,240)
(340,176)
(352,241)
(354,241)
(338,176)
(337,177)
(360,175)
(348,241)
(350,241)
(347,241)
(340,179)
(335,177)
(345,241)
(348,175)
(341,175)
(338,181)
(345,175)
(342,241)
(344,175)
(340,241)
(351,175)
(337,177)
(339,241)
(339,175)
(336,241)
(337,241)
(335,241)
(334,175)
(324,241)
(325,241)
(327,240)
(328,241)
(329,241)
(331,241)
(332,241)
(333,241)
(334,174)
(333,173)
(322,241)
(320,241)
(332,172)
(297,177)
(317,241)
(298,175)
(296,177)
(301,179)
(315,241)
(316,241)
(334,177)
(297,173)
(313,241)
(292,176)
(310,241)
(290,176)
(309,241)
(288,176)
(305,241)
(306,241)
(308,241)
(285,176)
(302,240)
(304,241)
(283,176)
(301,241)
(298,241)
(299,241)
(330,180)
(280,175)
(296,241)
(290,175)
(278,176)
(295,241)
(288,175)
(284,175)
(276,176)
(293,241)
(295,175)
(286,175)
(290,241)
(292,241)
(293,175)
(273,175)
(288,241)
(290,241)
(271,175)
(286,241)
(287,241)
(269,176)
(283,241)
(284,241)
(267,176)
(281,241)
(279,175)
(274,175)
(277,175)
(264,176)
(279,240)
(263,176)
(278,241)
(260,176)
(277,241)
(275,240)
(258,176)
(273,241)
(269,175)
(257,176)
(272,240)
(270,240)
(255,176)
(267,175)
(281,175)
(266,176)
(272,175)
(291,180)
(263,175)
(259,175)
(269,241)
(257,174)
(236,240)
(254,174)
(253,174)
(252,174)
(251,174)
(250,175)
(249,175)
(247,175)
(246,174)
(245,174)
(244,175)
(243,175)
(242,175)
(241,175)
(240,175)
(239,175)
(237,175)
(236,175)
(235,175)
(233,175)
(232,175)
(230,175)
(229,175)
(227,175)
(225,175)
(224,175)
(222,176)
(233,240)
(232,240)
(231,240)
(220,175)
(219,176)
(229,240)
(227,240)
(216,175)
(215,176)
(225,240)
(222,240)
(237,225)
(235,244)
(213,175)
(219,240)
(220,241)
(210,175)
(234,245)
(217,241)
(208,175)
(216,240)
(233,236)
(206,176)
(214,240)
(228,175)
(203,175)
(212,240)
(221,175)
(213,175)
(209,241)
(225,174)
(201,175)
(208,240)
(223,174)
(199,175)
(206,240)
(211,175)
(205,240)
(208,175)
(198,176)
(196,176)
(203,240)
(195,175)
(202,240)
(217,175)
(200,241)
(193,175)
(191,175)
(197,240)
(204,175)
(189,175)
(194,240)
(198,241)
(187,175)
(193,241)
(186,175)
(190,240)
(189,241)
(183,175)
(182,175)
(187,240)
(180,175)
(185,240)
(178,175)
(183,241)
(176,176)
(182,240)
(180,241)
(188,175)
(178,240)
(177,241)
(192,175)
(175,175)
(179,175)
(174,241)
(159,240)
(160,240)
(161,241)
(163,241)
(164,241)
(165,241)
(166,241)
(168,241)
(169,241)
(170,241)
(171,241)
(173,241)
(174,241)
(174,174)
(173,175)
(172,174)
(170,175)
(169,175)
(168,175)
(167,175)
(166,175)
(165,175)
(164,175)
(162,175)
(161,174)
(160,175)
(159,175)
(157,175)
(156,175)
(155,175)
(153,174)
(152,175)
(150,175)
(148,175)
(157,243)
(147,175)
(155,243)
(154,243)
(144,175)
(152,243)
(153,243)
(142,175)
(150,243)
(140,176)
(148,243)
(138,175)
(137,175)
(146,243)
(145,243)
(145,175)
(135,175)
(133,175)
(141,243)
(142,243)
(139,243)
(143,175)
(130,175)
(138,243)
(149,175)
(128,175)
(158,244)
(136,243)
(126,175)
(134,243)
(124,175)
(132,243)
(132,243)
(122,175)
(130,243)
(120,175)
(124,240)
(124,241)
(128,243)
(119,175)
(122,240)
(126,243)
(119,240)
(127,175)
(116,175)
(115,175)
(133,174)
(117,241)
(113,175)
(115,240)
(111,175)
(114,240)
(135,175)
(113,240)
(127,227)
(123,175)
(109,175)
(111,240)
(124,236)
(110,241)
(106,175)
(109,240)
(105,175)
(106,240)
(107,241)
(102,175)
(104,240)
(120,241)
(123,245)
(100,175)
(102,240)
(109,175)
(98,175)
(100,241)
(96,175)
(99,240)
(98,241)
(112,174)
(97,240)
(94,174)
(95,240)
(105,174)
(112,237)
(101,175)
(103,174)
(74,241)
(75,241)
(76,241)
(78,241)
(79,241)
(81,240)
(82,240)
(83,241)
(85,241)
(86,241)
(87,241)
(88,241)
(90,241)
(91,241)
(92,240)
(93,241)
(94,240)
(94,174)
(93,175)
(92,175)
(91,174)
(89,175)
(88,175)
(87,175)
(86,175)
(85,175)
(86,181)
(70,240)
(72,241)
(68,241)
(66,240)
(65,240)
(63,240)
(62,240)
(59,240)
(57,240)
(83,180)
(84,173)
(55,239)
(56,240)
(53,239)
(52,239)
(20,182)
(19,179)
(17,190)
(20,177)
(19,178)
(17,184)
(17,186)
(17,187)
(17,189)
(16,192)
(16,193)
(16,195)
(16,196)
(16,198)
(17,199)
(20,174)
(17,182)
(16,200)
(20,173)
(17,202)
(24,182)
(17,203)
(21,172)
(21,144)
(21,145)
(21,147)
(21,148)
(21,150)
(21,152)
(21,153)
(21,154)
(21,156)
(21,157)
(21,158)
(21,159)
(21,160)
(21,161)
(21,162)
(21,163)
(21,165)
(21,166)
(21,167)
(21,168)
(21,169)
(20,170)
(21,171)
(20,172)
(88,169)
(87,168)
(87,166)
(87,165)
(88,164)
(88,162)
(87,161)
(87,160)
(87,158)
(87,157)
(87,155)
(73,138)
(71,138)
(70,138)
(68,138)
(22,143)
(87,154)
(74,138)
(22,141)
(76,138)
(87,152)
(86,151)
(22,139)
(86,149)
(79,138)
(22,135)
(22,136)
(87,147)
(82,138)
(81,138)
(87,146)
(68,136)
(87,145)
(87,143)
(20,131)
(87,141)
(19,129)
(87,139)
(19,125)
(22,139)
(87,138)
(19,122)
(19,123)
(22,133)
(21,145)
(87,137)
(87,136)
(83,135)
(80,135)
(78,135)
(75,135)
(74,135)
(72,135)
(70,135)
(69,134)
(69,133)
(21,136)
(20,120)
(19,128)
(19,116)
(85,125)
(19,114)
(85,126)
(85,123)
(22,130)
(86,127)
(85,121)
(19,110)
(19,111)
(19,125)
(86,129)
(85,119)
(19,108)
(19,118)
(20,132)
(87,130)
(85,117)
(19,106)
(62,131)
(86,131)
(85,116)
(19,103)
(19,116)
(19,122)
(57,131)
(62,131)
(68,95)
(73,132)
(78,132)
(61,130)
(85,114)
(70,96)
(20,101)
(62,129)
(20,99)
(18,121)
(21,129)
(60,128)
(85,112)
(85,111)
(73,95)
(20,97)
(19,114)
(81,132)
(74,96)
(22,94)
(21,95)
(85,109)
(71,131)
(85,107)
(77,95)
(18,112)
(78,96)
(85,104)
(19,104)
(19,110)
(19,106)
(78,131)
(85,104)
(68,94)
(80,95)
(22,92)
(20,99)
(19,97)
(86,101)
(85,100)
(85,99)
(85,97)
(19,94)
(69,92)
(19,102)
(85,96)
(84,95)
(19,95)
(67,126)
(68,125)
(70,125)
(71,125)
(74,126)
(76,126)
(78,126)
(86,96)
(19,94)
(19,95)
(18,101)
(86,95)
(86,94)
(19,94)
(18,101)
(86,93)
(80,93)
(76,93)
(72,93)
(18,109)
(70,93)
(67,131)
(19,93)
(19,99)
(73,91)
(36,94)
(72,91)
(69,91)
(71,91)
(69,91)
(28,91)
(70,91)
(22,59)
(22,60)
(21,62)
(22,64)
(22,66)
(22,67)
(22,69)
(22,70)
(22,72)
(21,72)
(21,74)
(22,75)
(21,76)
(21,77)
(21,78)
(21,79)
(21,80)
(21,81)
(21,82)
(21,83)
(21,84)
(21,85)
(21,86)
(20,87)
(21,88)
(21,89)
(21,89)
(70,90)
(70,89)
(86,88)
(86,86)
(86,85)
(85,84)
(85,82)
(85,81)
(85,80)
(20,89)
(19,90)
(69,90)
(58,88)
(85,88)
(22,55)
(18,91)
(73,88)
(83,88)
(62,86)
(85,76)
(85,74)
(19,90)
(60,83)
(22,50)
(18,90)
(85,71)
(68,48)
(67,48)
(22,47)
(18,91)
(76,84)
(71,48)
(70,48)
(22,53)
(18,91)
(69,81)
(85,69)
(68,44)
(23,44)
(22,50)
(81,83)
(74,47)
(23,39)
(22,41)
(69,83)
(74,82)
(77,82)
(80,82)
(85,68)
(85,67)
(74,45)
(69,41)
(77,47)
(23,36)
(22,37)
(22,47)
(21,61)
(20,64)
(69,82)
(69,81)
(70,80)
(73,81)
(74,80)
(78,81)
(81,81)
(85,67)
(85,63)
(76,44)
(74,44)
(71,45)
(69,41)
(69,41)
(23,80)
(85,62)
(21,59)
(85,65)
(79,47)
(21,55)
(22,32)
(23,82)
(85,58)
(20,52)
(73,84)
(21,27)
(21,41)
(20,48)
(20,55)
(85,57)
(22,25)
(21,31)
(21,39)
(20,49)
(20,52)
(65,75)
(81,41)
(66,39)
